dimensions	leveles	indicators	formulas	num_views	materialized	comp_rule1	comp_rule1+rule2	CG
3	3	3	1	81	0,01	0,1	0,1	0
3	3	3	1	81	0,02	0,18	0,21	0,166666666666667
3	3	3	1	81	0,06	0,37	0,45	0,216216216216216
3	3	3	1	81	0,11	0,55	0,66	0,2
3	3	3	1	81	0,16	0,64	0,75	0,171875
3	3	3	1	81	0,21	0,71	0,81	0,140845070422535
3	3	3	1	81	0,31	0,84	0,91	0,083333333333333
3	3	3	1	81	0,41	0,9	0,95	0,055555555555556
3	3	3	1	81	0,51	0,94	0,97	0,031914893617021
								
3	4	3	1	192	0,01	0,14	0,16	0,142857142857143
3	4	3	1	192	0,02	0,3	0,37	0,233333333333333
3	4	3	1	192	0,05	0,48	0,58	0,208333333333333
3	4	3	1	192	0,1	0,68	0,77	0,132352941176471
3	4	3	1	192	0,15	0,78	0,86	0,102564102564102
3	4	3	1	192	0,2	0,83	0,9	0,08433734939759
3	4	3	1	192	0,3	0,9	0,95	0,055555555555556
3	4	3	1	192	0,4	0,95	0,98	0,031578947368421
3	4	3	1	192	0,5	0,97	0,99	0,020618556701031
								
4	3	3	1	243	0,01	0,18	0,21	0,166666666666667
4	3	3	1	243	0,02	0,28	0,33	0,178571428571429
4	3	3	1	243	0,05	0,49	0,58	0,183673469387755
4	3	3	1	243	0,1	0,69	0,79	0,144927536231884
4	3	3	1	243	0,15	0,79	0,87	0,10126582278481
4	3	3	1	243	0,2	0,84	0,91	0,083333333333333
4	3	3	1	243	0,3	0,91	0,96	0,054945054945055
4	3	3	1	243	0,4	0,95	0,98	0,031578947368421
4	3	3	1	243	0,5	0,97	0,99	0,020618556701031
								
4	4	3	1	768	0,01	0,3	0,36	0,2
4	4	3	1	768	0,02	0,44	0,52	0,181818181818182
4	4	3	1	768	0,05	0,67	0,75	0,119402985074627
4	4	3	1	768	0,1	0,83	0,89	0,072289156626506
4	4	3	1	768	0,15	0,89	0,94	0,056179775280899
4	4	3	1	768	0,2	0,93	0,97	0,043010752688172
4	4	3	1	768	0,3	0,96	0,98	0,020833333333333
4	4	3	1	768	0,4	0,98	0,99	0,010204081632653
4	4	3	1	768	0,5	0,99	1	0,01010101010101
								
3	3	5	2	135	0,01	0,12	0,13	0,083333333333333
3	3	5	2	135	0,02	0,17	0,21	0,235294117647059
3	3	5	2	135	0,05	0,32	0,42	0,3125
3	3	5	2	135	0,1	0,52	0,64	0,230769230769231
3	3	5	2	135	0,16	0,62	0,74	0,193548387096774
3	3	5	2	135	0,2	0,71	0,83	0,169014084507042
3	3	5	2	135	0,3	0,82	0,91	0,109756097560976
3	3	5	2	135	0,4	0,89	0,95	0,067415730337079
3	3	5	2	135	0,5	0,93	0,98	0,053763440860215
								
3	4	5	2	320	0,01	0,18	0,22	0,222222222222222
3	4	5	2	320	0,02	0,28	0,36	0,285714285714285
3	4	5	2	320	0,05	0,49	0,62	0,26530612244898
3	4	5	2	320	0,1	0,66	0,78	0,181818181818182
3	4	5	2	320	0,15	0,78	0,88	0,128205128205128
3	4	5	2	320	0,2	0,84	0,92	0,095238095238095
3	4	5	2	320	0,3	0,91	0,96	0,054945054945055
3	4	5	2	320	0,4	0,95	0,98	0,031578947368421
3	4	5	2	320	0,5	0,97	0,99	0,020618556701031
								
4	3	5	2	405	0,01	0,18	0,22	0,222222222222222
4	3	5	2	405	0,02	0,29	0,36	0,241379310344828
4	3	5	2	405	0,05	0,49	0,61	0,244897959183673
4	3	5	2	405	0,1	0,67	0,78	0,164179104477612
4	3	5	2	405	0,15	0,78	0,88	0,128205128205128
4	3	5	2	405	0,2	0,83	0,91	0,096385542168675
4	3	5	2	405	0,3	0,91	0,96	0,054945054945055
4	3	5	2	405	0,4	0,94	0,98	0,042553191489362
4	3	5	2	405	0,5	0,97	0,99	0,020618556701031
								
4	4	5	2	1280	0,01	0,3	0,38	0,266666666666667
4	4	5	2	1280	0,02	0,43	0,53	0,232558139534884
4	4	5	2	1280	0,05	0,68	0,79	0,161764705882353
4	4	5	2	1280	0,1	0,83	0,9	0,08433734939759
4	4	5	2	1280	0,15	0,88	0,94	0,068181818181818
4	4	5	2	1280	0,2	0,93	0,97	0,043010752688172
4	4	5	2	1280	0,3	0,96	0,99	0,03125
4	4	5	2	1280	0,4	0,98	0,99	0,010204081632653
4	4	5	2	1280	0,5	0,99	1	0,01010101010101
								
3	3	6	3	162	0,01	0,09	0,11	0,222222222222222
3	3	6	3	162	0,02	0,16	0,21	0,3125
3	3	6	3	162	0,06	0,33	0,47	0,424242424242424
3	3	6	3	162	0,1	0,51	0,67	0,313725490196078
3	3	6	3	162	0,15	0,63	0,79	0,253968253968254
3	3	6	3	162	0,2	0,7	0,85	0,214285714285714
3	3	6	3	162	0,3	0,83	0,94	0,132530120481928
3	3	6	3	162	0,4	0,89	0,97	0,089887640449438
3	3	6	3	162	0,5	0,93	0,99	0,064516129032258
								
3	4	6	3	384	0,01	0,15	0,19	0,266666666666667
3	4	6	3	384	0,02	0,25	0,37	0,48
3	4	6	3	384	0,05	0,49	0,65	0,326530612244898
3	4	6	3	384	0,1	0,68	0,83	0,220588235294118
3	4	6	3	384	0,15	0,77	0,89	0,155844155844156
3	4	6	3	384	0,2	0,83	0,93	0,120481927710843
3	4	6	3	384	0,3	0,91	0,97	0,065934065934066
3	4	6	3	384	0,4	0,95	0,99	0,042105263157895
3	4	6	3	384	0,5	0,97	0,99	0,020618556701031
								
4	3	6	3	486	0,01	0,14	0,19	0,357142857142857
4	3	6	3	486	0,02	0,25	0,35	0,4
4	3	6	3	486	0,05	0,48	0,64	0,333333333333333
4	3	6	3	486	0,1	0,65	0,8	0,230769230769231
4	3	6	3	486	0,15	0,77	0,9	0,168831168831169
4	3	6	3	486	0,2	0,84	0,94	0,119047619047619
4	3	6	3	486	0,3	0,91	0,97	0,065934065934066
4	3	6	3	486	0,4	0,94	0,99	0,053191489361702
4	3	6	3	486	0,5	0,97	0,99	0,020618556701031
								
4	4	6	3	1536	0,01	0,29	0,39	0,344827586206897
4	4	6	3	1536	0,02	0,45	0,59	0,311111111111111
4	4	6	3	1536	0,05	0,67	0,81	0,208955223880597
4	4	6	3	1536	0,1	0,82	0,92	0,121951219512195
4	4	6	3	1536	0,15	0,89	0,96	0,078651685393258
4	4	6	3	1536	0,2	0,93	0,98	0,053763440860215
4	4	6	3	1536	0,3	0,96	0,99	0,03125
4	4	6	3	1536	0,4	0,98	1	0,020408163265306
4	4	6	3	1536	0,5	0,99	1	0,01010101010101
								
3	3	10	5	270	0,01	0,08	0,09	0,125
3	3	10	5	270	0,02	0,16	0,2	0,25
3	3	10	5	270	0,05	0,33	0,45	0,363636363636364
3	3	10	5	270	0,1	0,49	0,65	0,326530612244898
3	3	10	5	270	0,15	0,64	0,79	0,234375
3	3	10	5	270	0,2	0,71	0,85	0,197183098591549
3	3	10	5	270	0,3	0,83	0,93	0,120481927710843
3	3	10	5	270	0,4	0,89	0,96	0,078651685393258
3	3	10	5	270	0,5	0,93	0,98	0,053763440860215
								
3	4	10	5	640	0,01	0,15	0,19	0,266666666666667
3	4	10	5	640	0,02	0,25	0,34	0,36
3	4	10	5	640	0,05	0,46	0,59	0,282608695652174
3	4	10	5	640	0,1	0,67	0,8	0,194029850746269
3	4	10	5	640	0,15	0,77	0,88	0,142857142857143
3	4	10	5	640	0,2	0,84	0,92	0,095238095238095
3	4	10	5	640	0,3	0,91	0,97	0,065934065934066
3	4	10	5	640	0,4	0,94	0,98	0,042553191489362
3	4	10	5	640	0,5	0,97	0,99	0,020618556701031
								
4	3	10	5	810	0,01	0,16	0,21	0,3125
4	3	10	5	810	0,02	0,27	0,36	0,333333333333333
4	3	10	5	810	0,05	0,49	0,63	0,285714285714286
4	3	10	5	810	0,1	0,66	0,79	0,196969696969697
4	3	10	5	810	0,15	0,77	0,89	0,155844155844156
4	3	10	5	810	0,2	0,84	0,92	0,095238095238095
4	3	10	5	810	0,3	0,91	0,97	0,065934065934066
4	3	10	5	810	0,4	0,95	0,98	0,031578947368421
4	3	10	5	810	0,5	0,97	0,99	0,020618556701031
								
4	4	10	5	2560	0,01	0,28	0,37	0,321428571428571
4	4	10	5	2560	0,02	0,45	0,58	0,288888888888889
4	4	10	5	2560	0,05	0,68	0,8	0,176470588235294
4	4	10	5	2560	0,1	0,82	0,91	0,109756097560976
4	4	10	5	2560	0,15	0,89	0,95	0,067415730337079
4	4	10	5	2560	0,2	0,92	0,97	0,054347826086957
4	4	10	5	2560	0,3	0,96	0,99	0,03125
4	4	10	5	2560	0,4	0,98	0,99	0,010204081632653
4	4	10	5	2560	0,5	0,99	1	0,01010101010101
								
3	3	20	10	540	0,01	0,08	0,1	0,25
3	3	20	10	540	0,02	0,15	0,19	0,266666666666667
3	3	20	10	540	0,05	0,31	0,42	0,354838709677419
3	3	20	10	540	0,1	0,5	0,66	0,32
3	3	20	10	540	0,15	0,62	0,78	0,258064516129032
3	3	20	10	540	0,2	0,71	0,86	0,211267605633803
3	3	20	10	540	0,3	0,83	0,94	0,132530120481928
3	3	20	10	540	0,4	0,89	0,97	0,089887640449438
3	3	20	10	540	0,5	0,93	0,98	0,053763440860215
								
3	4	20	10	1280	0,01	0,14	0,18	0,285714285714285
3	4	20	10	1280	0,02	0,25	0,33	0,32
3	4	20	10	1280	0,05	0,46	0,61	0,326086956521739
3	4	20	10	1280	0,1	0,66	0,81	0,227272727272727
3	4	20	10	1280	0,15	0,76	0,88	0,157894736842105
3	4	20	10	1280	0,2	0,83	0,93	0,120481927710843
3	4	20	10	1280	0,3	0,91	0,97	0,065934065934066
3	4	20	10	1280	0,4	0,94	0,99	0,053191489361702
3	4	20	10	1280	0,5	0,97	0,99	0,020618556701031
								
4	3	20	10	1620	0,01	0,15	0,19	0,266666666666667
4	3	20	10	1620	0,02	0,25	0,34	0,36
4	3	20	10	1620	0,05	0,47	0,62	0,319148936170213
4	3	20	10	1620	0,1	0,66	0,8	0,212121212121212
4	3	20	10	1620	0,15	0,77	0,89	0,155844155844156
4	3	20	10	1620	0,2	0,84	0,94	0,119047619047619
4	3	20	10	1620	0,3	0,91	0,97	0,065934065934066
4	3	20	10	1620	0,4	0,95	0,99	0,042105263157895
4	3	20	10	1620	0,5	0,97	0,99	0,020618556701031
								
4	4	20	10	5120	0,01	0,28	0,37	0,321428571428571
4	4	20	10	5120	0,02	0,44	0,57	0,295454545454546
4	4	20	10	5120	0,05	0,67	0,8	0,194029850746269
4	4	20	10	5120	0,1	0,83	0,92	0,108433734939759
4	4	20	10	5120	0,15	0,89	0,95	0,067415730337079
4	4	20	10	5120	0,2	0,93	0,98	0,053763440860215
4	4	20	10	5120	0,3	0,96	0,99	0,03125
4	4	20	10	5120	0,4	0,98	1	0,020408163265306
4	4	20	10	5120	0,5	0,99	1	0,01010101010101
								
3	3	30	15	810	0,01	0,08	0,1	0,25
3	3	30	15	810	0,02	0,15	0,19	0,266666666666667
3	3	30	15	810	0,05	0,32	0,44	0,375
3	3	30	15	810	0,1	0,5	0,67	0,34
3	3	30	15	810	0,15	0,62	0,79	0,274193548387097
3	3	30	15	810	0,2	0,7	0,86	0,228571428571428
3	3	30	15	810	0,3	0,82	0,94	0,146341463414634
3	3	30	15	810	0,4	0,89	0,97	0,089887640449438
3	3	30	15	810	0,5	0,93	0,99	0,064516129032258
								
3	4	30	15	1920	0,01	0,14	0,19	0,357142857142857
3	4	30	15	1920	0,02	0,25	0,35	0,4
3	4	30	15	1920	0,05	0,47	0,62	0,319148936170213
3	4	30	15	1920	0,1	0,66	0,81	0,227272727272727
3	4	30	15	1920	0,15	0,77	0,89	0,155844155844156
3	4	30	15	1920	0,2	0,83	0,93	0,120481927710843
3	4	30	15	1920	0,3	0,91	0,97	0,065934065934066
3	4	30	15	1920	0,4	0,94	0,99	0,053191489361702
3	4	30	15	1920	0,5	0,97	0,99	0,020618556701031
								
4	3	30	15	2430	0,01	0,14	0,19	0,357142857142857
4	3	30	15	2430	0,02	0,25	0,33	0,32
4	3	30	15	2430	0,05	0,47	0,62	0,319148936170213
4	3	30	15	2430	0,1	0,66	0,82	0,242424242424242
4	3	30	15	2430	0,15	0,76	0,89	0,171052631578947
4	3	30	15	2430	0,2	0,83	0,94	0,132530120481928
4	3	30	15	2430	0,3	0,91	0,97	0,065934065934066
4	3	30	15	2430	0,4	0,95	0,99	0,042105263157895
4	3	30	15	2430	0,5	0,97	0,99	0,020618556701031
								
4	4	30	15	7680	0,01	0,28	0,38	0,357142857142857
4	4	30	15	7680	0,02	0,45	0,59	0,311111111111111
4	4	30	15	7680	0,05	0,67	0,8	0,194029850746269
4	4	30	15	7680	0,1	0,82	0,92	0,121951219512195
4	4	30	15	7680	0,15	0,89	0,96	0,078651685393258
4	4	30	15	7680	0,2	0,93	0,98	0,053763440860215
4	4	30	15	7680	0,3	0,96	0,99	0,03125
4	4	30	15	7680	0,4	0,98	1	0,020408163265306
4	4	30	15	7680	0,5	0,99	1	0,01010101010101
