Available_not_shared	shared	computable_at_VE_level
0,10	0,00	0,00
0,20	0,00	0,03
0,25	0,00	0,09
0,30	0,00	0,16
0,35	0,00	0,24
0,40	0,00	0,31

0,10	0,03	0,03
0,20	0,03	0,06
0,25	0,03	0,10
0,30	0,03	0,19
0,35	0,03	0,24
0,40	0,03	0,31

0,10	0,07	0,07
0,20	0,07	0,09
0,25	0,07	0,12
0,30	0,07	0,22
0,35	0,07	0,28
0,40	0,07	0,34

0,10	0,10	0,11
0,20	0,10	0,12
0,25	0,10	0,16
0,30	0,10	0,24
0,35	0,10	0,27
0,40	0,10	0,36

0,20	0,13	0,16
0,25	0,13	0,19
0,30	0,13	0,26
0,35	0,13	0,30
0,40	0,13	0,37

0,20	0,17	0,21
0,25	0,17	0,21
0,30	0,17	0,29
0,35	0,17	0,34
0,40	0,17	0,39

0,20	0,20	0,25
0,25	0,20	0,27
0,30	0,20	0,31
0,35	0,20	0,36
0,40	0,20	0,42
